# dataset params
type: mono_lidar
cam0:
  image_path: /home/jc/Documents/stereo-lidar-calibration/exclude_dir/lcc/vlp16/images
  image_format: png
  cam_model: Pinhole
  cam_width: 1920
  cam_height: 540
  cam_fx: 3940.811260452396
  cam_fy: 3947.257205852834
  cam_cx: 1334.71146679388
  cam_cy: -253.823662066860
  cam_k1: -0.331655580211445
  cam_k2: 1.79112737448211
  cam_p1: 0.0
  cam_p2: 0.0
  cam_k3: 0.0

lidar0:
  cloud_path: /home/jc/Documents/stereo-lidar-calibration/exclude_dir/lcc/vlp16/pointCloud
  cloud_format: pcd

checkerboard:
  square_size: 0.08
  width: 8
  height: 6
  padding:
    p1: 0.0
    p2: 0.0
    p3: 0.0
    p4: 0.0
  
RoI:
  min_x: -10
  max_x: 10
  min_y: -10
  max_y: 10
  min_z: -10
  max_z: 10

matlab_result:
  m00: 0.358120655431643
  m01: -0.933636463967183
  m02: -0.00851758792536429
  m03: -0.549091711357024
  m10: 0.203056602224736
  m11: 0.0867854722367882
  m12: -0.975313435825419
  m13: -0.0474739719504715
  m20: 0.911327390374149
  m21: 0.347550334425812
  m22: 0.220660718285677
  m23: 0.0113785638988029

