# dataset params
type: mono_lidar
cam0:
  image_path: /home/jc/Documents/stereo-lidar-calibration/exclude_dir/lcc/rs128/image_2
  image_format: jpg
  cam_model: Pinhole
  cam_width: 1920
  cam_height: 540
  cam_fx: 3108.71615968495
  cam_fy: 3118.54813014356
  cam_cx: 835.346781745177
  cam_cy: 225.971775341861
  cam_k1: 0.184099014152906
  cam_k2: -2.453842369882309
  cam_p1: 0.0
  cam_p2: 0.0
  cam_k3: 0.0

lidar0:
  cloud_path: /home/jc/Documents/stereo-lidar-calibration/exclude_dir/lcc/rs128/robosense_points
  cloud_format: pcd

checkerboard:
  square_size: 0.08
  width: 8
  height: 6
  padding:
    p1: 0.0
    p2: 0.0
    p3: 0.0
    p4: 0.0
  
RoI:
  min_x: -10
  max_x: 10
  min_y: -10
  max_y: 10
  min_z: -10
  max_z: 10

tform_l1_c1:
  m00: 0.0414141504058489
  m01: -0.998943736924005
  m02: 0.0199067477621519
  m03: 0.0501793737270080
  m10: -0.0565231671667882
  m11: -0.0222343377611700
  m12: -0.998153678447241
  m13: -0.113671149534546
  m20: 0.997541978925998
  m21: 0.0402124941358581
  m22: -0.0573842800405872
  m23: 0.866277933800574
