# dataset params
type: mono_lidar
cam0:
  image_path: /home/jc/Documents/stereo-lidar-calibration/exclude_dir/lcc/rs128/image_2
  image_format: jpg
  cam_model: Pinhole
  cam_width: 1920
  cam_height: 540
  cam_fx: 2814.06023203981
  cam_fy: 2813.59788045095
  cam_cx: 952.362552352940
  cam_cy: 51.0124692874413
  cam_k1: -0.056888280762491
  cam_k2: -0.102415463035682
  cam_d3: 0.0
  cam_d4: 0.0
  cam_d5: 0.0

lidar0:
  cloud_path: /home/jc/Documents/stereo-lidar-calibration/exclude_dir/lcc/rs128/robosense_points
  cloud_format: pcd

checkerboard:
  square_size: 0.08
  width: 8
  height: 6
  padding:
    p1: 0.0
    p2: 0.0
    p3: 0.0
    p4: 0.0
  
RoI:
  min_x: -10
  max_x: 10
  min_y: -10
  max_y: 10
  min_z: -10
  max_z: 10

tform_l1_c1:
  m00: 0.0253569112117323
  m01: -0.999338027939204
  m02: 0.0260870268214358
  m03: -0.185936236884207
  m10: 0.0243998531081609
  m11: -0.0254689502015184
  m12: -0.999377796303246
  m13: -0.302773625038009
  m20: 0.999380645310935
  m21: 0.0259776536703098
  m22: 0.0237378871781998
  m23: -0.102096546178471