# dataset params
type: stereo_lidar
cam0:
  image_path: /home/jc/Documents/stereo-lidar-calibration/exclude_dir/lcc/rs128/image_2
  image_format: jpg
  cam_model: Pinhole
  cam_width: 1920
  cam_height: 540
  cam_fx: 2814.06023203981
  cam_fy: 2813.59788045095
  cam_cx: 952.362552352940
  cam_cy: 51.0124692874413
  cam_k1: -0.056888280762491
  cam_k2: -0.102415463035682
  cam_d3: 0.0
  cam_d4: 0.0
  cam_d5: 0.0

cam1:
  image_path: /home/jc/Documents/stereo-lidar-calibration/exclude_dir/lcc/rs128/image_3
  image_format: jpg
  cam_model: Pinhole
  cam_width: 1920
  cam_height: 540
  cam_fx: 2810.09602775200
  cam_fy: 2810.92550248496
  cam_cx: 982.108540526722
  cam_cy: 56.8744007702084
  cam_d1: -0.076745904611227
  cam_d2: 0.142677899871917
  cam_d3: 0.0
  cam_d4: 0.0
  cam_d5: 0.0

lidar0:
  cloud_path: /home/jc/Documents/stereo-lidar-calibration/exclude_dir/lcc/rs128/robosense_points
  cloud_format: pcd

checkerboard:
  square_size: 0.08
  width: 8
  height: 6
  padding:
    p1: 0.0
    p2: 0.0
    p3: 0.0
    p4: 0.0
  
RoI:
  min_x: -10
  max_x: 10
  min_y: -10
  max_y: 10
  min_z: -10
  max_z: 10

tform_l1_c1:
  m00: 0.0253569112117323
  m01: -0.999338027939204
  m02: 0.0260870268214358
  m03: -0.185936236884207
  m10: 0.0243998531081609
  m11: -0.0254689502015184
  m12: -0.999377796303246
  m13: -0.302773625038009
  m20: 0.999380645310935
  m21: 0.0259776536703098
  m22: 0.0237378871781998
  m23: -0.102096546178471

tform_l1_c2:
  m00: -0.0407128199989871	
  m01: -0.999123860954747
  m02: 0.00969416105754380
  m03: -0.805620687301630
  m10: 0.00326590039507495
  m11: -0.00983522151483275
  m12: -0.999946299714322
  m13: -0.0788511308925392
  m20: 0.999165551939387	
  m21: -0.0406789735444946
  m22: 0.00366345861540444
  m23: -0.171767989822234

tform_c1_c2:
  m00: 0.998666683024252
  m01: 0.00855260159154665
  m02: -0.0509088324689737
  m03: -0.770651327900212	
  m10: -0.00842986647055689
  m11: 0.999961022306550
  m12: 0.00262511312662008
  m13: -0.00314999962197114
  m20: 0.0509292997068126
  m21: -0.00219245835883968
  m22: 0.998699854589815
  m23: -0.0284005378547675
