# dataset params
type: mono_lidar
cam0:
  image_path: /home/jc/Documents/stereo-lidar-calibration/exclude_dir/lcc/vlp16/images
  image_format: png
  cam_model: Pinhole
  cam_width: 1280
  cam_height: 960
  cam_fx: 1463.71236783505
  cam_fy: 1465.22840948754
  cam_cx: 633.992331492217
  cam_cy: 422.927447252434
  cam_k1: 0.059563959831058
  cam_k2: 0.177918752297558
  cam_p1: 0.0
  cam_p2: 0.0
  cam_k3: 0.0

lidar0:
  cloud_path: /home/jc/Documents/stereo-lidar-calibration/exclude_dir/lcc/vlp16/pointCloud
  cloud_format: pcd

checkerboard:
  square_size: 0.081
  width: 9
  height: 8
  padding:
    p1: 0.0
    p2: 0.0
    p3: 0.0
    p4: 0.0
  
RoI:
  min_x: -10
  max_x: 10
  min_y: -10
  max_y: 10
  min_z: -10
  max_z: 10

tform_l1_c1:
  m00: 0.358272183281044
  m01: -0.933574982926823
  m02: -0.00887659508012942
  m03: -0.551673077319797
  m10: 	0.218226930033959
  m11:	0.0929843673966425
  m12: -0.971458138278639
  m13: -0.0103814043277600
  m20: 0.907754399435766
  m21: 0.346109316073736
  m22: 0.237044914798828
  m23: 0.0987791596502351